"","text","favorited","favoriteCount","replyToSN","created","truncated","replyToSID","id","replyToUID","statusSource","screenName","retweetCount","isRetweet","retweeted","longitude","latitude"
"1","미세먼지 마스크 박스로 구매했는데 공기 좋아졌네 히히",FALSE,0,NA,2017-05-26 23:59:25,FALSE,NA,"868255282559832066",NA,"<a href=""http://twitter.com/download/android"" rel=""nofollow"">Twitter for Android</a>","kkongsimi",0,FALSE,FALSE,NA,NA
"2","RT @Dhyun_xo: 옛부터 백현 말 틀린거 하나 없다고 마스크 착용하고 나가면 미세먼지에 끄떡없고 외투 하나 끌어입고 나가면 하루 따숩게 보낸다 오류없는 백현일기예보 짱임",FALSE,0,NA,2017-05-26 22:18:02,FALSE,NA,"868229768495325185",NA,"<a href=""http://twitter.com/download/android"" rel=""nofollow"">Twitter for Android</a>","mystic37sjy",4,TRUE,FALSE,NA,NA
"3","RT @CUBECLC: [#승희] 안녕안녕  ㅎㅎㅎ즐거운 토요일입니당! 그런데 오늘 미세먼지가 전국적으로 최악(._.) ...상태라고하니 외출할때 꼭 마스크 착용하기로 약속해요!!! 마스크 낀 사람 하이파이브<U+2764> https://t.co/1H538at3…",FALSE,0,NA,2017-05-26 19:25:54,FALSE,NA,"868186451674095617",NA,"<a href=""http://twitter.com/download/android"" rel=""nofollow"">Twitter for Android</a>","onlysouthkorea",963,TRUE,FALSE,NA,NA
"4","RT @DelightDaylight: 오늘도 미세먼지가 많죠<ed><U+00A0><U+00BD><ed><U+00B8><U+00A9>??
디노빠{미세먼지 마스크 필수<U+261D><ed><U+00A0><U+00BC><ed><U+00BF><U+00BB><ed><U+00A0><U+00BD><ed><U+00B2><U+0095>
내일은 주말이니까 좋은 불금 되세요<ed><U+00A0><U+00BD><ed><U+00B5><U+00BA><ed><U+00A0><U+00BC><ed><U+00BF><U+00BC><ed><U+00A0><U+00BD><ed><U+00B4><U+00A5>

@HelloHALO_ 
#헤일로 #HALO #디노 #조디노
170324 인천공항<ed><U+00A0><U+00BD><ed><U+00BB><U+00AB> https://t.co/…",FALSE,0,NA,2017-05-26 19:01:18,FALSE,NA,"868180260881354753",NA,"<a href=""http://twitter.com/download/android"" rel=""nofollow"">Twitter for Android</a>","naciu_san",25,TRUE,FALSE,NA,NA
"5","@_HeeeEEeee_ 미세먼지도 꽤나 되니까... 마스크챙겨가......(?)",FALSE,0,"_HeeeEEeee_",2017-05-26 18:31:24,FALSE,"868172091459121152","868172735494488064","835045751566708737","<a href=""http://www.twitter.com"" rel=""nofollow"">Twitter for Windows</a>","matsuoka9907",0,FALSE,FALSE,NA,NA
"6","RT @CUBECLC: [#승희] 안녕안녕  ㅎㅎㅎ즐거운 토요일입니당! 그런데 오늘 미세먼지가 전국적으로 최악(._.) ...상태라고하니 외출할때 꼭 마스크 착용하기로 약속해요!!! 마스크 낀 사람 하이파이브<U+2764> https://t.co/1H538at3…",FALSE,0,NA,2017-05-26 18:23:33,FALSE,NA,"868170757209239554",NA,"<a href=""http://twitter.com/download/android"" rel=""nofollow"">Twitter for Android</a>","clarkonios",963,TRUE,FALSE,NA,NA
"7","미세먼지용 마스크도 2.7만원 주고 샀는데.....기관지가 넘 아파서 마스크꼈덤 날부터 급속도로 목마저 조져버쳤다..오잉,,,,내 기관지 이대로 괜찮나.폐에는 문제없으면 좋으련만,,,일찍 죽을까 무섭네",FALSE,0,NA,2017-05-26 18:05:20,FALSE,NA,"868166175733055488",NA,"<a href=""http://twitter.com/download/android"" rel=""nofollow"">Twitter for Android</a>","ma_nyo7",0,FALSE,FALSE,NA,NA
"8","안잔다 잠이 안온다 버스에서 자야지
화장은 연하게하는게 좋겠죠? 어차피 미세먼지땜에 마스크를 써야하니.. https://t.co/EjgS864Vfv",FALSE,0,NA,2017-05-26 17:39:56,FALSE,NA,"868159782158467073",NA,"<a href=""http://twitter.com/download/android"" rel=""nofollow"">Twitter for Android</a>","j_exol0112",0,FALSE,FALSE,NA,NA
"9","RT @CUBECLC: [#승희] 안녕안녕  ㅎㅎㅎ즐거운 토요일입니당! 그런데 오늘 미세먼지가 전국적으로 최악(._.) ...상태라고하니 외출할때 꼭 마스크 착용하기로 약속해요!!! 마스크 낀 사람 하이파이브<U+2764> https://t.co/1H538at3…",FALSE,0,NA,2017-05-26 16:21:57,FALSE,NA,"868140157710585857",NA,"<a href=""http://twitter.com/download/android"" rel=""nofollow"">Twitter for Android</a>","junghwwa",963,TRUE,FALSE,NA,NA
"10","RT @94218hs: 이 마스크가 그렇게 좋담서요
픽서없이 화장도 안묻어나고 황사나 미세먼지에도 좋대요 https://t.co/lIXjRHqQW3",FALSE,0,NA,2017-05-26 15:46:30,FALSE,NA,"868131235456929792",NA,"<a href=""http://twitter.com/download/android"" rel=""nofollow"">Twitter for Android</a>","BS06S39",1473,TRUE,FALSE,NA,NA
"11","미세먼지헬조선의 아이돌 콘서트굿즈에는 필터마스크가 있읍니다...",FALSE,0,NA,2017-05-26 15:37:13,FALSE,NA,"868128900420739072",NA,"<a href=""http://twitter.com/download/iphone"" rel=""nofollow"">Twitter for iPhone</a>","miniminixiu",0,FALSE,FALSE,NA,NA
"12","와인파티~

#왕소라 #이태원 #아프리카방송 #BJ왕소라 #5월가정의달 #유투브 왕소라 구독 해주세요 #미세먼지 #마스크 #황사 #스타벅스 #아메리카노 https://t.co/7ArtNccjWZ",FALSE,0,NA,2017-05-26 15:11:39,FALSE,NA,"868122464362082304",NA,"<a href=""http://instagram.com"" rel=""nofollow"">Instagram</a>","sora8889",0,FALSE,FALSE,NA,NA
"13","개웃기지ㅋㅋㅋㅋㄱ큐ㅠㅠㅠ
내가 내일 모레 일요일에 서울 국회의사당에가서 영어 대회를 나가는데 영학원쌤이 임신을 하셔서 같이 못간다고 선물 챙겨주신건데 서울에 미세먼지 많다고 마스크 사주심ㅋㅋㅋㅋㅋ https://t.co/vJfDGydIAa",FALSE,0,NA,2017-05-26 15:09:22,FALSE,NA,"868121893064253440",NA,"<a href=""http://twitter.com/download/android"" rel=""nofollow"">Twitter for Android</a>","belleb_0506",0,FALSE,FALSE,NA,NA
"14","매일매일 마스크 미세먼지 차단가능한 마스크 꼭꼭써ㅠㅠ",FALSE,0,NA,2017-05-26 15:01:50,FALSE,NA,"868119994076241920",NA,"<a href=""http://twitter.com/download/android"" rel=""nofollow"">Twitter for Android</a>","qwerasdfzxcvzi",0,FALSE,FALSE,NA,NA
"15","@BakJangGoon 마스크 쓰고 다녔으면 좋겠어. 미세먼지 핑계로 아침마다 씌워야지.",FALSE,0,"BakJangGoon",2017-05-26 14:49:10,FALSE,"868115559883227138","868116806589743105","838982551595180033","<a href=""http://twitter.com/download/iphone"" rel=""nofollow"">Twitter for iPhone</a>","1_inch_1",0,FALSE,FALSE,NA,NA
"16","방개 조직에서 생각보다 실세였는지 고회장 사무실에도 나오고 배에서 물건 확인도 하고..... 미친놈이 미세먼지가 이렇게 심한데 마스크도 안해 그렇게 조심성이 없어서 그자리까지 어떻게 올라갔니? 응???",FALSE,0,"bulan6311526",2017-05-26 14:44:33,FALSE,"868115241669754880","868115646277496832","842303355447721984","<a href=""http://twitter.com/download/iphone"" rel=""nofollow"">Twitter for iPhone</a>","bulan6311526",0,FALSE,FALSE,NA,NA
"17","RT @Bella02_co: 미세먼지나 황사에 마스크를 꼭 껴야하는 이유. (위에서부터 면 마스크, 부직포 마스크, 황사 마스크) https://t.co/4SBQj232bp",FALSE,0,NA,2017-05-26 14:42:02,FALSE,NA,"868115011851268100",NA,"<a href=""http://twitter.com/download/android"" rel=""nofollow"">Twitter for Android</a>","ssonbok",19285,TRUE,FALSE,NA,NA
"18","RT @Dhyun_xo: 옛부터 백현 말 틀린거 하나 없다고 마스크 착용하고 나가면 미세먼지에 끄떡없고 외투 하나 끌어입고 나가면 하루 따숩게 보낸다 오류없는 백현일기예보 짱임",FALSE,0,NA,2017-05-26 14:05:09,FALSE,NA,"868105730611531776",NA,"<a href=""http://twitter.com/download/iphone"" rel=""nofollow"">Twitter for iPhone</a>","baekhyuneeee77",4,TRUE,FALSE,NA,NA
"19","RT @apfhs005: 매일 지민이한테 영통걸어주는 태형이 

-짐나 미세먼지 장난아니라는데 마스크썼어?난 썼는데

#뷔민 #뷔민연성 https://t.co/0HL3gCkMGQ",FALSE,0,NA,2017-05-26 13:52:35,FALSE,NA,"868102566541799428",NA,"<a href=""http://twitter.com/download/android"" rel=""nofollow"">Twitter for Android</a>","Hanul_07",1,TRUE,FALSE,NA,NA
"20","마스크랑 선풍기 산 이후로 미세먼지 없고 안 더움",FALSE,0,NA,2017-05-26 13:51:42,FALSE,NA,"868102345581674496",NA,"<a href=""http://www.twitter.com"" rel=""nofollow"">Twitter for Windows</a>","hamquoise",0,FALSE,FALSE,NA,NA
"21","@day6_6day 이래서 다들 마스크를 준비해오나봐... 한국 갈 때 미세먼지도 막아주는 마스크 들고 가서 나눔해야겠군(??",FALSE,0,"day6_6day",2017-05-26 13:48:41,FALSE,"868101379721617408","868101588031766528","738688863007166464","<a href=""http://twitter.com/download/iphone"" rel=""nofollow"">Twitter for iPhone</a>","Wooni_Bank",0,FALSE,FALSE,NA,NA
"22","옛부터 백현 말 틀린거 하나 없다고 마스크 착용하고 나가면 미세먼지에 끄떡없고 외투 하나 끌어입고 나가면 하루 따숩게 보낸다 오류없는 백현일기예보 짱임",FALSE,4,NA,2017-05-26 13:30:15,FALSE,NA,"868096949773152257",NA,"<a href=""http://twitter.com/download/iphone"" rel=""nofollow"">Twitter for iPhone</a>","Dhyun_xo",4,FALSE,FALSE,NA,NA
"23","잘한다! 전기요금 조금 더 내더라도 원전, 석탄화력은 안된다. 오르는 전기요금이 미세먼지 마스크 값도 안돼~ 전기 싸게 쓰는 반도체공장, 제철소 등이 이익이 줄어든다고 반대겠지
https://t.co/b9hckLuDCN",FALSE,0,NA,2017-05-26 13:24:41,FALSE,NA,"868095545184706561",NA,"<a href=""http://twitter.com"" rel=""nofollow"">Twitter Web Client</a>","windsunking",1,FALSE,FALSE,NA,NA
"24","RT @Yonginsi_tr: 미세먼지 NO! 마스크 없이 살기 대작전!
용인시가 미세먼지 저감대책에 적극 앞장섭니다.

#살기_좋은_용인 #맑은_하늘_용인
*자세한 내용 : https://t.co/Sbrp3MGol5 https://t.co/tF8l…",FALSE,0,NA,2017-05-26 13:22:01,FALSE,NA,"868094876323266560",NA,"<a href=""http://twitter.com/download/android"" rel=""nofollow"">Twitter for Android</a>","kimyoongi",3,TRUE,FALSE,NA,NA
"25","RT @babychimchim5: <ed><U+00A0><U+00BC><ed><U+00BC><U+009E>아기침침이 모자와 마스크 착용샷과 상세사진입니다! 미세먼지 많은 봄날에 침침이 마스크쓰고 조심조심( <U+1D55><U+0301><U+0AE2><U+2027><U+032E><U+1D55><U+0300><U+0AE2>) ...총총... https://t.co/FmdSVtrBg7",FALSE,0,NA,2017-05-26 13:00:01,FALSE,NA,"868089340794068993",NA,"<a href=""http://twitter.com/download/iphone"" rel=""nofollow"">Twitter for iPhone</a>","bummykimchi",323,TRUE,FALSE,NA,NA
"26","@Oishiberry_ ㅋㅋㅋ 매일매일 서폿해준다 진짜...
오늘은 5월 26일! 미세먼지가 심하다길래 걱정되서 공기청정기와 마스크 서폿을 했어요~~ 울 니시미야 조은 공기만 마셔야지!

오늘은 5월 27일… https://t.co/7JCdA1c9Pc",FALSE,0,"Oishiberry_",2017-05-26 12:55:26,TRUE,"868087516280233984","868088184604827648","848538591823147008","<a href=""http://twitter.com/download/iphone"" rel=""nofollow"">Twitter for iPhone</a>","oppa_abduct",0,FALSE,FALSE,NA,NA
"27","RT @IMETNEWS: 미세먼지로 밖에 나가기 꺼려집니다. 인증마스크는 이제 외출 필수품이 돼버렸는데요. 적게는 수천원부터 수십만원까지 가격도 기능도 다양합니다. '공기 민주화'를 부르짖는 현실, 씁쓸한 시대의 단면입니다. https://t.co/…",FALSE,0,NA,2017-05-26 12:42:03,FALSE,NA,"868084819237797889",NA,"<a href=""http://ckpark1101.blog.me/"" rel=""nofollow"">Wild Wild Twit</a>","chpark1006",4,TRUE,FALSE,NA,NA
"28","@damiilliiy 진구오빠가 너무 잘생겨서 깜짝깜짝놀라.. 연기도 짱잘함.. 그 얼굴이 미세먼지 많이마시면 그렇게되는구나 싶어서 마스크 잘해야지 하고있어",FALSE,0,"damiilliiy",2017-05-26 12:40:14,FALSE,"868083332935958528","868084359890313217","220345789","<a href=""http://twitter.com/download/android"" rel=""nofollow"">Twitter for Android</a>","minju59",0,FALSE,FALSE,NA,NA
"29","RT @IMETNEWS: 미세먼지로 밖에 나가기 꺼려집니다. 인증마스크는 이제 외출 필수품이 돼버렸는데요. 적게는 수천원부터 수십만원까지 가격도 기능도 다양합니다. '공기 민주화'를 부르짖는 현실, 씁쓸한 시대의 단면입니다. https://t.co/…",FALSE,0,NA,2017-05-26 12:34:47,FALSE,NA,"868082987610419200",NA,"<a href=""http://ckpark1101.blog.me/"" rel=""nofollow"">Wild Wild Twit</a>","applecoffee1988",4,TRUE,FALSE,NA,NA
"30","RT @IMETNEWS: 미세먼지로 밖에 나가기 꺼려집니다. 인증마스크는 이제 외출 필수품이 돼버렸는데요. 적게는 수천원부터 수십만원까지 가격도 기능도 다양합니다. '공기 민주화'를 부르짖는 현실, 씁쓸한 시대의 단면입니다. https://t.co/…",FALSE,0,NA,2017-05-26 12:32:03,FALSE,NA,"868082301564928001",NA,"<a href=""http://ckpark1101.blog.me/"" rel=""nofollow"">Wild Wild Twit</a>","miokjung0114",4,TRUE,FALSE,NA,NA
"31","RT @Bella02_co: 미세먼지나 황사에 마스크를 꼭 껴야하는 이유. (위에서부터 면 마스크, 부직포 마스크, 황사 마스크) https://t.co/4SBQj232bp",FALSE,0,NA,2017-05-26 12:25:00,FALSE,NA,"868080528607502337",NA,"<a href=""http://twitter.com/download/iphone"" rel=""nofollow"">Twitter for iPhone</a>","subaru219",19285,TRUE,FALSE,NA,NA
"32","RT @IMETNEWS: 미세먼지로 밖에 나가기 꺼려집니다. 인증마스크는 이제 외출 필수품이 돼버렸는데요. 적게는 수천원부터 수십만원까지 가격도 기능도 다양합니다. '공기 민주화'를 부르짖는 현실, 씁쓸한 시대의 단면입니다. https://t.co/…",FALSE,0,NA,2017-05-26 12:20:38,FALSE,NA,"868079426679873536",NA,"<a href=""http://ckpark1101.blog.me/"" rel=""nofollow"">Wild Wild Twit</a>","msjung0614",4,TRUE,FALSE,NA,NA
"33","RT @Bella02_co: 마스크 안 끼고 나가려는 누구 씨 땜에 찾았다. 미세먼지 1시간 노출이 담배보다 더 안 좋아요. 제발 마스크 끼세요. <ed><U+00A0><U+00BD><ed><U+00B8><U+00B7><ed><U+00A0><U+00BD><ed><U+00B8><U+00B7><ed><U+00A0><U+00BD><ed><U+00B8><U+00B7> https://t.co/8JgFRuUJB0",FALSE,0,NA,2017-05-26 11:58:21,FALSE,NA,"868073822527696897",NA,"<a href=""http://twitter.com/download/android"" rel=""nofollow"">Twitter for Android</a>","jobdogishappy",3456,TRUE,FALSE,NA,NA
"34","미세먼지로 밖에 나가기 꺼려집니다. 인증마스크는 이제 외출 필수품이 돼버렸는데요. 적게는 수천원부터 수십만원까지 가격도 기능도 다양합니다. '공기 민주화'를 부르짖는 현실, 씁쓸한 시대의 단면입니다. https://t.co/OYAFAap7QO",FALSE,0,NA,2017-05-26 11:41:38,FALSE,NA,"868069614382698496",NA,"<a href=""http://www.facebook.com/twitter"" rel=""nofollow"">Facebook</a>","IMETNEWS",4,FALSE,FALSE,NA,NA
"35","RT @Bella02_co: 미세먼지나 황사에 마스크를 꼭 껴야하는 이유. (위에서부터 면 마스크, 부직포 마스크, 황사 마스크) https://t.co/4SBQj232bp",FALSE,0,NA,2017-05-26 10:49:18,FALSE,NA,"868056441994715136",NA,"<a href=""http://twitter.com/download/android"" rel=""nofollow"">Twitter for Android</a>","101_yuza",19285,TRUE,FALSE,NA,NA
"36","RT @Kind_Minion: 미세먼지 걸러주는 콧구멍에 붙이는 스티커 타입의 공기 필터....말할때야 어쩔 수 없지만 밖에서 활동하는 동안 말 수만 줄이고 입다물고 있고 코에만 필터 있어도 일반 마스크 보다는 훨 나을 듯... 이런거 나올만도 한데…",FALSE,0,NA,2017-05-26 10:17:04,FALSE,NA,"868048333457117184",NA,"<a href=""http://twitter.com/download/iphone"" rel=""nofollow"">Twitter for iPhone</a>","ohappywithu",1,TRUE,FALSE,NA,NA
"37","RT @631x1526: 방개가 미세먼지 마스크만 썼더라도..",FALSE,0,NA,2017-05-26 10:14:42,FALSE,NA,"868047734770507776",NA,"<a href=""http://twitter.com/download/iphone"" rel=""nofollow"">Twitter for iPhone</a>","underlined___",14,TRUE,FALSE,NA,NA
"38","RT @631x1526: 방개가 미세먼지 마스크만 썼더라도..",FALSE,0,NA,2017-05-26 10:09:04,FALSE,NA,"868046318408572929",NA,"<a href=""http://twitter.com/download/android"" rel=""nofollow"">Twitter for Android</a>","shyanzi",14,TRUE,FALSE,NA,NA
"39","RT @631x1526: 방개가 미세먼지 마스크만 썼더라도..",FALSE,0,NA,2017-05-26 10:08:39,FALSE,NA,"868046214079561729",NA,"<a href=""http://twitter.com/download/android"" rel=""nofollow"">Twitter for Android</a>","631x1526_",14,TRUE,FALSE,NA,NA
"40","RT @631x1526: 방개가 미세먼지 마스크만 썼더라도..",FALSE,0,NA,2017-05-26 10:06:12,FALSE,NA,"868045598292754432",NA,"<a href=""http://twitter.com/download/iphone"" rel=""nofollow"">Twitter for iPhone</a>","buraldang_1",14,TRUE,FALSE,NA,NA
"41","미세먼지 걸러주는 콧구멍에 붙이는 스티커 타입의 공기 필터....말할때야 어쩔 수 없지만 밖에서 활동하는 동안 말 수만 줄이고 입다물고 있고 코에만 필터 있어도 일반 마스크 보다는 훨 나을 듯... 이런거 나올만도 한데...",FALSE,1,NA,2017-05-26 09:51:34,FALSE,NA,"868041915333300224",NA,"<a href=""http://twitter.com/download/iphone"" rel=""nofollow"">Twitter for iPhone</a>","Kind_Minion",1,FALSE,FALSE,NA,NA
"42","RT @Bella02_co: 2017년 식약청의 KF 지수를 인증받은 미세먼지 황사마스크 목록. 방진마스크나 마스크 직구는 못하지만 목록에 있는 마스크로 끼고, 살 것. https://t.co/jwQiz1SQC6",FALSE,0,NA,2017-05-26 09:28:19,FALSE,NA,"868036064652402688",NA,"<a href=""http://twitter.com/download/android"" rel=""nofollow"">Twitter for Android</a>","prokimduce",7108,TRUE,FALSE,NA,NA
"43","RT @Bella02_co: 마스크 안 끼고 나가려는 누구 씨 땜에 찾았다. 미세먼지 1시간 노출이 담배보다 더 안 좋아요. 제발 마스크 끼세요. <ed><U+00A0><U+00BD><ed><U+00B8><U+00B7><ed><U+00A0><U+00BD><ed><U+00B8><U+00B7><ed><U+00A0><U+00BD><ed><U+00B8><U+00B7> https://t.co/8JgFRuUJB0",FALSE,0,NA,2017-05-26 09:24:43,FALSE,NA,"868035158066122752",NA,"<a href=""http://twitter.com/download/android"" rel=""nofollow"">Twitter for Android</a>","producesadam101",3456,TRUE,FALSE,NA,NA
"44","RT @Bella02_co: 미세먼지나 황사에 마스크를 꼭 껴야하는 이유. (위에서부터 면 마스크, 부직포 마스크, 황사 마스크) https://t.co/4SBQj232bp",FALSE,0,NA,2017-05-26 09:24:42,FALSE,NA,"868035151707623425",NA,"<a href=""http://twitter.com/download/android"" rel=""nofollow"">Twitter for Android</a>","producesadam101",19285,TRUE,FALSE,NA,NA
"45","반 쌩얼인데 파우치 무거워서(?) 급하게 마스크를 챙겼다.. 미세먼지 농도 맑음인 날 마스크....(?)",FALSE,0,NA,2017-05-26 09:19:14,FALSE,NA,"868033777229996033",NA,"<a href=""http://twitter.com/download/android"" rel=""nofollow"">Twitter for Android</a>","miho__D",0,FALSE,FALSE,NA,NA
"46","RT @631x1526: 방개가 미세먼지 마스크만 썼더라도..",FALSE,0,NA,2017-05-26 09:18:06,FALSE,NA,"868033494273765376",NA,"<a href=""http://twitter.com/download/iphone"" rel=""nofollow"">Twitter for iPhone</a>","make___love___",14,TRUE,FALSE,NA,NA
"47","RT @631x1526: 방개가 미세먼지 마스크만 썼더라도..",FALSE,0,NA,2017-05-26 09:15:27,FALSE,NA,"868032825924100097",NA,"<a href=""http://twitter.com/download/iphone"" rel=""nofollow"">Twitter for iPhone</a>","mostwanted_19",14,TRUE,FALSE,NA,NA
"48","RT @631x1526: 방개가 미세먼지 마스크만 썼더라도..",FALSE,0,NA,2017-05-26 09:14:01,FALSE,NA,"868032465150951424",NA,"<a href=""http://twitter.com/download/android"" rel=""nofollow"">Twitter for Android</a>","bull_handang",14,TRUE,FALSE,NA,NA
"49","RT @631x1526: 방개가 미세먼지 마스크만 썼더라도..",FALSE,0,NA,2017-05-26 09:13:50,FALSE,NA,"868032419504373760",NA,"<a href=""http://twitter.com/download/iphone"" rel=""nofollow"">Twitter for iPhone</a>","ZH0__Hyunss",14,TRUE,FALSE,NA,NA
"50","RT @631x1526: 방개가 미세먼지 마스크만 썼더라도..",FALSE,0,NA,2017-05-26 09:10:46,FALSE,NA,"868031645336588288",NA,"<a href=""http://twitter.com/download/iphone"" rel=""nofollow"">Twitter for iPhone</a>","L4nda__",14,TRUE,FALSE,NA,NA
"51","RT @631x1526: 방개가 미세먼지 마스크만 썼더라도..",FALSE,0,NA,2017-05-26 09:07:07,FALSE,NA,"868030727991902208",NA,"<a href=""http://twitter.com/download/iphone"" rel=""nofollow"">Twitter for iPhone</a>","summerpii",14,TRUE,FALSE,NA,NA
"52","RT @631x1526: 방개가 미세먼지 마스크만 썼더라도..",FALSE,0,NA,2017-05-26 09:06:04,FALSE,NA,"868030464732168193",NA,"<a href=""http://covelline.com/feather/"" rel=""nofollow""> feather for iOS  </a>","__Bbz_D",14,TRUE,FALSE,NA,NA
"53","방개가 미세먼지 마스크만 썼더라도..",FALSE,3,NA,2017-05-26 09:05:48,FALSE,NA,"868030394846765056",NA,"<a href=""http://twitter.com/download/iphone"" rel=""nofollow"">Twitter for iPhone</a>","631x1526",14,FALSE,FALSE,NA,NA
"54","아거 뭐야? 마스크임? 미세먼지용???????ㄹㅇ로 나옴? https://t.co/0CR0BdRYJt",FALSE,0,NA,2017-05-26 09:00:13,FALSE,NA,"868028993361985536",NA,"<a href=""http://twitter.com/download/android"" rel=""nofollow"">Twitter for Android</a>","CH_JD921",0,FALSE,FALSE,NA,NA
"55","RT @Yonginsi_tr: 미세먼지 NO! 마스크 없이 살기 대작전!
용인시가 미세먼지 저감대책에 적극 앞장섭니다.

#살기_좋은_용인 #맑은_하늘_용인
*자세한 내용 : https://t.co/Sbrp3MGol5 https://t.co/tF8l…",FALSE,0,NA,2017-05-26 08:51:30,FALSE,NA,"868026797555765249",NA,"<a href=""http://twitter.com/download/android"" rel=""nofollow"">Twitter for Android</a>","soeosk7488",3,TRUE,FALSE,NA,NA
"56","RT @Bella02_co: 마스크 안 끼고 나가려는 누구 씨 땜에 찾았다. 미세먼지 1시간 노출이 담배보다 더 안 좋아요. 제발 마스크 끼세요. <ed><U+00A0><U+00BD><ed><U+00B8><U+00B7><ed><U+00A0><U+00BD><ed><U+00B8><U+00B7><ed><U+00A0><U+00BD><ed><U+00B8><U+00B7> https://t.co/8JgFRuUJB0",FALSE,0,NA,2017-05-26 08:49:47,FALSE,NA,"868026368025665536",NA,"<a href=""http://twitter.com/download/android"" rel=""nofollow"">Twitter for Android</a>","dlfmadmswjdrnr",3456,TRUE,FALSE,NA,NA
"57","미세먼지 NO! 마스크 없이 살기 대작전!
용인시가 미세먼지 저감대책에 적극 앞장섭니다.

#살기_좋은_용인 #맑은_하늘_용인
*자세한 내용 : https://t.co/Sbrp3MGol5 https://t.co/tF8lZaQtva",FALSE,1,NA,2017-05-26 08:47:13,FALSE,NA,"868025719699275776",NA,"<a href=""http://twitter.com"" rel=""nofollow"">Twitter Web Client</a>","Yonginsi_tr",3,FALSE,FALSE,NA,NA
"58","RT @Bella02_co: 마스크 안 끼고 나가려는 누구 씨 땜에 찾았다. 미세먼지 1시간 노출이 담배보다 더 안 좋아요. 제발 마스크 끼세요. <ed><U+00A0><U+00BD><ed><U+00B8><U+00B7><ed><U+00A0><U+00BD><ed><U+00B8><U+00B7><ed><U+00A0><U+00BD><ed><U+00B8><U+00B7> https://t.co/8JgFRuUJB0",FALSE,0,NA,2017-05-26 08:29:57,FALSE,NA,"868021375973314561",NA,"<a href=""http://twitter.com/download/iphone"" rel=""nofollow"">Twitter for iPhone</a>","kangdaniel_S2",3456,TRUE,FALSE,NA,NA
"59","RT @Bella02_co: 2017년 식약청의 KF 지수를 인증받은 미세먼지 황사마스크 목록. 방진마스크나 마스크 직구는 못하지만 목록에 있는 마스크로 끼고, 살 것. https://t.co/jwQiz1SQC6",FALSE,0,NA,2017-05-26 08:29:45,FALSE,NA,"868021324890816513",NA,"<a href=""http://twitter.com/download/iphone"" rel=""nofollow"">Twitter for iPhone</a>","kangdaniel_S2",7108,TRUE,FALSE,NA,NA
"60","RT @Bella02_co: 미세먼지나 황사에 마스크를 꼭 껴야하는 이유. (위에서부터 면 마스크, 부직포 마스크, 황사 마스크) https://t.co/4SBQj232bp",FALSE,0,NA,2017-05-26 08:28:17,FALSE,NA,"868020956962234369",NA,"<a href=""http://twitter.com/download/android"" rel=""nofollow"">Twitter for Android</a>","produce_lol2",19285,TRUE,FALSE,NA,NA
"61","@Suha_summer  이번주 주말은 일정이 생겨서 바쁠지도 몰라. 미세먼지가 많으니 마스크 챙기고.",FALSE,1,"Suha_summer",2017-05-26 08:11:06,FALSE,NA,"868016631343071232","848018937119780864","<a href=""http://twitter.com/download/android"" rel=""nofollow"">Twitter for Android</a>","Akaasi_bot_",0,FALSE,FALSE,NA,NA
"62","RT @94218hs: 이 마스크가 그렇게 좋담서요
픽서없이 화장도 안묻어나고 황사나 미세먼지에도 좋대요 https://t.co/lIXjRHqQW3",FALSE,0,NA,2017-05-26 07:36:14,FALSE,NA,"868007856376651776",NA,"<a href=""http://twitter.com/download/android"" rel=""nofollow"">Twitter for Android</a>","kkomuengcheese",1473,TRUE,FALSE,NA,NA
"63","@vonvon_kr 엄마야.. 봉봉선생님 이렇게 만나뵐줄은 몰랐네요..
요즘 미세먼지로 많이 힘드실텐데 마스크랑 같이 놔드릴게요..",FALSE,0,"vonvon_kr",2017-05-26 07:29:23,FALSE,"868005737691103232","868006134723911680","3119807972","<a href=""http://twitter.com"" rel=""nofollow"">Twitter Web Client</a>","_peach_JM",0,FALSE,FALSE,NA,NA
"64","@I_WANT_JOLUP ㅋㅋㅋㅋㅋㅋㅋㅋㅋㅋ웅 하늘 이쁘고 바람도 쫌 불어서 신나요 으잉 아직 미세먼지 많나요? 길거리 마스크녀가 되어버려욧..",FALSE,0,"I_WANT_JOLUP",2017-05-26 06:55:41,FALSE,"867997212021739521","867997652280946688","1440847274","<a href=""http://twitter.com/download/android"" rel=""nofollow"">Twitter for Android</a>","282_tree",0,FALSE,FALSE,NA,NA
"65","RT @sanacottoncandy: 170509 삼대천왕 출근 #트와이스 #TWICE #사나 #SANA @JYPETWICE 
봐도 봐도 보고싶은 너
미세먼지 조심해! 마스크 쓰고 다니구요!
Link : https://t.co/L6ASNkCMmD h…",FALSE,0,NA,2017-05-26 06:48:41,FALSE,NA,"867995889633120256",NA,"<a href=""http://twitter.com/download/android"" rel=""nofollow"">Twitter for Android</a>","imsaiiaiw",1015,TRUE,FALSE,NA,NA
"66","오늘 하늘도 맑고 미세먼지도 좋음인뎈ㅋㅋㅋ 나혼자 마스크쓰고 완전무장 하고 나왔넼ㅋㅋㅋ 근데 하나도 안더웡",FALSE,0,NA,2017-05-26 06:41:58,FALSE,NA,"867994198464643072",NA,"<a href=""http://twitter.com/download/iphone"" rel=""nofollow"">Twitter for iPhone</a>","suyasuya0115",0,FALSE,FALSE,NA,NA
"67","@Lam_2_CS 미세먼지 때문에 그러는데 칭찬이 돌아오네. (손에 들고 있던 마스크 줄을 먼저 한쪽 귀에 걸더니 피식 웃어 보였다. 볼캡의 정수리 부분을 꾹 누르며 동방을 천천히 걸어 나간다.)",FALSE,0,"Lam_2_CS",2017-05-26 06:15:18,FALSE,"867986294491668481","867987489528586240","867378106595540992","<a href=""http://twitter.com/download/iphone"" rel=""nofollow"">Twitter for iPhone</a>","DH_2_CS",0,FALSE,FALSE,NA,NA
"68","@soolme76776 네..그래서 마스크 가져왔어요. 한국 미세먼지 심했을 때 같아요..",FALSE,0,"soolme76776",2017-05-26 05:56:04,FALSE,"867982486541811713","867982648634769408","144336695","<a href=""http://twitter.com/download/iphone"" rel=""nofollow"">Twitter for iPhone</a>","InfiniteFlame",0,FALSE,FALSE,NA,NA
"69","@Sherduck2 와 저도 미세먼지 쩔때 마스크쓰고 다녔었는데 정말 덥고 습기차고 짜증나고..(말잇못)그래서 마스크 쓰는 스트레스가 미세먼지보다 몸에 더 안좋을거같아서 그냥 안하고 다녀요~!(큰일날소리)",FALSE,1,"Sherduck2",2017-05-26 05:44:44,FALSE,"867978638196592640","867979795002400768","860491920556019712","<a href=""http://twitter.com/download/android"" rel=""nofollow"">Twitter for Android</a>","yumemiru_kylie",0,FALSE,FALSE,NA,NA
"70","@yumemiru_kylie 진짜 날씨 넘나 더워요 ㅠㅠㅠㅠ 저같은 경우 미세먼지 때문에 마스크를 구비하고 다니는데 그래서 더 답답하더라구요... 휴대용 선풍기도 써야겠어오...!",FALSE,0,"yumemiru_kylie",2017-05-26 05:40:08,FALSE,"867644580421709824","867978638196592640","842576705512325120","<a href=""http://twitter.com"" rel=""nofollow"">Twitter Web Client</a>","Sherduck2",0,FALSE,FALSE,NA,NA
"71","오늘이 서울 미세먼지가 젤 없는 날이라고 팀장님이 말하던뎀... 그래서인가 숨쉴때 좋다ㅋㅋㅋㅋㅋㅋㅋㅋ쓰읍하 (마스크 사놓고 쓰지도몬함",FALSE,0,NA,2017-05-26 05:14:47,FALSE,NA,"867972260140785664",NA,"<a href=""http://twitter.com/download/android"" rel=""nofollow"">Twitter for Android</a>","iro2ro",0,FALSE,FALSE,NA,NA
"72","@Ra_McKaChu 미세먼지라고 하나, 아직도 많나? 마스크는,",FALSE,0,"Ra_McKaChu",2017-05-26 04:18:38,FALSE,"867958027621588992","867958129790599169","759633987719397376","<a href=""http://twitter.com/download/android"" rel=""nofollow"">Twitter for Android</a>","Jesse_N_Ra",0,FALSE,FALSE,NA,NA
"73","RT @VICTON1109: [#승식] 미세먼지를 조심해야해!!
날씨가 좋은줄 알았는데 미세먼지가 많다고 하네요ㅠㅠ
여러분 마스크 꼭 끼구!!!!조심해요!!! https://t.co/as7T9yWypL",FALSE,0,NA,2017-05-26 04:02:27,FALSE,NA,"867954056375005189",NA,"<a href=""http://twitter.com/download/android"" rel=""nofollow"">Twitter for Android</a>","milanesa_igot7",1305,TRUE,FALSE,NA,NA
"74","RT @VICTON1109: [#수빈] 오랜만이에요!
주말인데 다들 재밌게보내고있나요?
빅토니들은 연습실에서 다시
열심히! 연습하는중이예요
기분좋은 주말인데 바람도 많이불고
미세먼지가 많대요ㅠㅠ
외출할때는 꼭 마스크쓰세요!
그리고 내일 어버이날인데…",FALSE,0,NA,2017-05-26 04:01:49,FALSE,NA,"867953896207126528",NA,"<a href=""http://twitter.com/download/android"" rel=""nofollow"">Twitter for Android</a>","milanesa_igot7",1323,TRUE,FALSE,NA,NA
"75","RT @adghj03: @seongnamcity 노인 공공근로 할때 작년까지는 미세먼지가 안좋으면 일회용 미세먼지용마스크를 줬었는데 올해는 안준다고 합니다. 정책이 바뀐건가요???",FALSE,0,NA,2017-05-26 03:24:07,FALSE,NA,"867944407504363521",NA,"<a href=""https://mobile.twitter.com"" rel=""nofollow"">Twitter Lite</a>","lovetree780708",1,TRUE,FALSE,NA,NA
"76","마스크 잔뜩샀는데 계절바껴서 미세먼지 없어져버리기",FALSE,2,NA,2017-05-26 03:20:38,FALSE,NA,"867943531666587649",NA,"<a href=""http://twitter.com/download/iphone"" rel=""nofollow"">Twitter for iPhone</a>","OCOAO",0,FALSE,FALSE,NA,NA
"77","맞아 사쿠사가 쓰고댕기는 마스크는 미세먼지 차단에 1도 도움 안됨 걍 황사마스크 쓰고다녀야해",FALSE,1,NA,2017-05-26 02:47:30,FALSE,NA,"867935192769454080",NA,"<a href=""http://twitter.com/download/android"" rel=""nofollow"">Twitter for Android</a>","Sun_Vvuzzi",0,FALSE,FALSE,NA,NA
"78","RT @CUBECLC: [#승희] 안녕안녕  ㅎㅎㅎ즐거운 토요일입니당! 그런데 오늘 미세먼지가 전국적으로 최악(._.) ...상태라고하니 외출할때 꼭 마스크 착용하기로 약속해요!!! 마스크 낀 사람 하이파이브<U+2764> https://t.co/1H538at3…",FALSE,0,NA,2017-05-26 02:38:13,FALSE,NA,"867932857334767616",NA,"<a href=""http://twitter.com/download/android"" rel=""nofollow"">Twitter for Android</a>","SE0ULAFEU",963,TRUE,FALSE,NA,NA
"79","RT @sanacottoncandy: 170509 삼대천왕 출근 #트와이스 #TWICE #사나 #SANA @JYPETWICE 
봐도 봐도 보고싶은 너
미세먼지 조심해! 마스크 쓰고 다니구요!
Link : https://t.co/L6ASNkCMmD h…",FALSE,0,NA,2017-05-26 02:29:31,FALSE,NA,"867930670839939072",NA,"<a href=""http://twitter.com/download/android"" rel=""nofollow"">Twitter for Android</a>","SaisaisaiDa_fvr",1015,TRUE,FALSE,NA,NA
"80","여러분 그거 아세요...? 저는 어느 순간부타 미세먼지 정보를 트위터에 의지하게 되었음. 서치 따로 안 해보고 트위터에서 미세먼지 얘기 많으면 마스크 챙기고 조용하면 그냥 나감.",FALSE,0,NA,2017-05-26 02:15:32,FALSE,NA,"867927150153801729",NA,"<a href=""http://twitter.com/download/iphone"" rel=""nofollow"">Twitter for iPhone</a>","inexistent_one",0,FALSE,FALSE,NA,NA
"81","미세먼지 주의하시길 바랍니다. 마스크 잊지 마세요.",FALSE,0,NA,2017-05-26 02:04:16,FALSE,NA,"867924313713688580",NA,"<a href=""http://twittbot.net/"" rel=""nofollow"">twittbot.net</a>","Jason_Black_H",0,FALSE,FALSE,NA,NA
"82","@_DACHPIl_ ㅋㅋㅋㅋㅋㅋㅋㅋ너무 잘아시는 거 아니냐구요 그럼 연기연습하러 옹달샘에 가자 일 때문이라면 윤기원은 미세먼지폭풍 앞에서도 마스크 안 끼고 있을 수 잇더요",FALSE,0,"_DACHPIl_",2017-05-26 01:35:48,FALSE,"867910994072186880","867917148953366528","708182225762668544","<a href=""http://twitter.com/download/android"" rel=""nofollow"">Twitter for Android</a>","sloganr1223",0,FALSE,FALSE,NA,NA
"83","RT @xportsnews: 빅스 레오 '미세먼지 싫어'[포토]
#빅스 #레오 #미세먼지 #마스크 #출근길 #뮤직뱅크 #뮤뱅
https://t.co/T7EXjk1sM7 https://t.co/lKanTsiBjK",FALSE,0,NA,2017-05-26 01:22:40,FALSE,NA,"867913845272068096",NA,"<a href=""http://covelline.com/feather/"" rel=""nofollow"">feather for iOS</a>","staygoldsvt17",3,TRUE,FALSE,NA,NA
"84","@Ajax_SJ94 오늘 공연 화이띵(<U+2022><U+0300>o<U+2022><U+0301>)<U+0E07> ㅋㅋ 중국발 미세먼지가 바람타고 일본으로 옮겨탔대ㅎ.. 어쩐지 오늘 한국 하늘이 맑더라<ed><U+00A0><U+00BD><ed><U+00B8><U+00AD> ㅋㅋ 마스크 꼭 하구 죠심~~<U+2763><U+FE0F><U+2763><U+FE0F> 오늘도 승진이에게 충분히 행복한 하루되길<U+2618><U+FE0F>",FALSE,0,"Ajax_SJ94",2017-05-26 00:54:29,FALSE,NA,"867906751214911488","817171646","<a href=""http://twitter.com/download/iphone"" rel=""nofollow"">Twitter for iPhone</a>","hsj_9494",0,FALSE,FALSE,NA,NA
"85","RT @mosfkorea: 요즘 미세먼지로 맑은 하늘을 보기가 참 어려운데요. 그래서인지 공기청정기나 미세먼지 마스크 판매량이 급증하였습니다. 그렇다면, 이 미세먼지의 원인은 무엇일까요?  자세한 내용은 블로그에서 확인하세요 &gt;&gt; https://t.…",FALSE,0,NA,2017-05-26 00:49:50,FALSE,NA,"867905584401600512",NA,"<a href=""http://twitter.com/download/android"" rel=""nofollow"">Twitter for Android</a>","deergrand33",5,TRUE,FALSE,NA,NA
"86","미세먼지 때문에 뭔가 마스크 내 몸과 하나되어서 마스크벗고 밖에 나가면 어색한 지경에 이름",FALSE,0,NA,2017-05-26 00:36:19,FALSE,NA,"867902179977318400",NA,"<a href=""http://twitter.com/download/android"" rel=""nofollow"">Twitter for Android</a>","bokyak",0,FALSE,FALSE,NA,NA
"87","RT @officialmap6: [#MAP6 #맵식스 #SIGN #싸인] 비가오네~~ㅠㅠ 미세먼지나 싸악 없어져라!! 요즘 마스크만 쓰고 있어서 미안해요<ed><U+00A0><U+00BD><ed><U+00B8><U+008C> #목아파 #감기조심해요 https://t.co/Ck3FLc50l9",FALSE,0,NA,2017-05-26 00:19:26,FALSE,NA,"867897933580173312",NA,"<a href=""http://twitter.com/download/android"" rel=""nofollow"">Twitter for Android</a>","Iqsoonyoungs",257,TRUE,FALSE,NA,NA
"88","이제보니 .. 삼엠 마스크가 집에 도착할때부터 .. 미세먼지/황사가 완화되기 시작했어 ..",FALSE,0,NA,2017-05-26 00:14:03,FALSE,NA,"867896579012927488",NA,"<a href=""https://about.twitter.com/products/tweetdeck"" rel=""nofollow"">TweetDeck</a>","Kinoarea",0,FALSE,FALSE,NA,NA
"89","빅스 레오 '미세먼지 싫어'[포토]
#빅스 #레오 #미세먼지 #마스크 #출근길 #뮤직뱅크 #뮤뱅
https://t.co/T7EXjk1sM7 https://t.co/lKanTsiBjK",FALSE,4,NA,2017-05-26 00:13:38,FALSE,NA,"867896474545274880",NA,"<a href=""http://twitter.com"" rel=""nofollow"">Twitter Web Client</a>","xportsnews",3,FALSE,FALSE,NA,NA
"90","RT @roll_liner: 그 씹새끼 그 새끼가 현수 엄마 죽일 때 조심성이 없어가지고 개새끼가 미세먼지도 심한데 마스크도 안 끼고 시발새끼",FALSE,0,NA,2017-05-26 00:03:51,FALSE,NA,"867894010446315521",NA,"<a href=""http://twitter.com/download/iphone"" rel=""nofollow"">Twitter for iPhone</a>","631S21526",195,TRUE,FALSE,NA,NA
